       1   1.078817419e+01   2.546333830e-01   1.117157934e+01
       2   1.078667244e+01   2.522399330e-01   1.120303504e+01
       3   1.076317234e+01   2.596660780e-01   1.118743226e+01
       4   1.102121719e+01   2.543088630e-01   1.145590697e+01
       5   1.072716397e+01   2.504447740e-01   1.114071200e+01
       6   1.074134543e+01   2.510108920e-01   1.115501206e+01
       7   1.069117543e+01   2.499812210e-01   1.110444165e+01
       8   1.096404925e+01   2.684830200e-01   1.139473638e+01
       9   1.100948473e+01   2.539081180e-01   1.143269088e+01
      10   1.073172026e+01   2.497333850e-01   1.114885659e+01
      11   1.073445390e+01   2.507680170e-01   1.115134685e+01
      12   1.072058373e+01   2.514980980e-01   1.113867135e+01
      13   1.074104966e+01   2.509415790e-01   1.115888649e+01
      14   1.070449653e+01   2.510088350e-01   1.111966179e+01
      15   1.072262861e+01   2.497478150e-01   1.113658270e+01
      16   1.106731889e+01   2.517045720e-01   1.148138903e+01
      17   1.071971001e+01   2.514406150e-01   1.113604323e+01
      18   1.068409961e+01   2.499943470e-01   1.109841233e+01
      19   1.071607350e+01   2.497716680e-01   1.113176886e+01
      20   1.068267161e+01   2.505559600e-01   1.109896404e+01
      21   1.070624506e+01   2.510834940e-01   1.112097496e+01
      22   1.070779718e+01   2.515373690e-01   1.112391449e+01
      23   1.086805537e+01   2.567526030e-01   1.128903130e+01
       1   2.276283910e-01   4.717860000e-03   2.345631920e-01
       2   2.268555420e-01   4.910655000e-03   2.351627180e-01
       3   2.213117740e-01   4.687414000e-03   2.294509490e-01
       4   2.258136650e-01   4.864512000e-03   2.340183020e-01
       5   2.215471770e-01   4.816371000e-03   2.296163800e-01
       6   2.200756160e-01   5.063152000e-03   2.283213550e-01
       7   2.203441270e-01   4.742231000e-03   2.284178640e-01
       8   2.221638280e-01   4.720444000e-03   2.301314960e-01
       9   2.203393650e-01   4.798328000e-03   2.283662680e-01
      10   2.245981410e-01   4.940606000e-03   2.328006830e-01
      11   2.243073920e-01   4.913333000e-03   2.324393480e-01
      12   2.250830510e-01   4.972521000e-03   2.332812000e-01
      13   2.307819620e-01   4.785134000e-03   2.388740400e-01
      14   2.288874540e-01   4.995659000e-03   2.376530110e-01
      15   2.195361760e-01   4.682242000e-03   2.274155080e-01
      16   2.209597110e-01   4.864012000e-03   2.290555180e-01
      17   2.283119700e-01   4.945987000e-03   2.364980570e-01
      18   2.967570720e-01   6.246260000e-03   3.064991790e-01
      19   2.337691090e-01   5.271320000e-03   2.441238960e-01
      20   2.273084760e-01   4.834050000e-03   2.361264840e-01
      21   2.257326910e-01   4.806061000e-03   2.342271660e-01
      22   2.336221790e-01   4.880524000e-03   2.420595430e-01
      23   2.323074790e-01   5.072895000e-03   2.409406540e-01
      24   2.376845140e-01   6.278354000e-03   2.473846340e-01
      25   2.864126010e-01   4.930152000e-03   2.964113280e-01
      26   2.365665400e-01   4.726163000e-03   2.455890270e-01
      27   2.195629800e-01   4.695237000e-03   2.278846270e-01
      28   2.215857380e-01   4.667655000e-03   2.296435530e-01
      29   2.242461320e-01   5.095270000e-03   2.326972040e-01
      30   2.629889360e-01   7.510578000e-03   2.739369170e-01
      31   2.437804440e-01   4.806631000e-03   2.531452440e-01
      32   2.214854130e-01   4.822004000e-03   2.296819510e-01
      33   2.214321710e-01   4.679502000e-03   2.295683880e-01
      34   2.295214240e-01   4.795285000e-03   2.376833250e-01
      35   2.263089340e-01   4.805929000e-03   2.346166300e-01
      36   2.280422660e-01   4.798972000e-03   2.362616320e-01
      37   2.526622120e-01   4.845810000e-03   2.614629910e-01
      38   2.514815310e-01   4.687641000e-03   2.596759120e-01
      39   2.306967010e-01   4.803758000e-03   2.388598110e-01
      40   2.215796950e-01   4.711341000e-03   2.298916120e-01
      41   2.238338530e-01   4.700584000e-03   2.317664760e-01
      42   2.198399180e-01   4.697614000e-03   2.279039620e-01
      43   2.169392240e-01   4.662810000e-03   2.247753380e-01
      44   2.189024100e-01   4.673959000e-03   2.269505250e-01
      45   2.159888540e-01   4.659280000e-03   2.238479830e-01
      46   2.170797520e-01   4.810586000e-03   2.250905090e-01
      47   2.169538800e-01   4.653947000e-03   2.248131680e-01
      48   2.168080710e-01   4.756334000e-03   2.247757120e-01
      49   2.177255400e-01   4.665342000e-03   2.255861090e-01
      50   2.167835960e-01   4.704688000e-03   2.248270890e-01
      51   2.169681420e-01   4.688611000e-03   2.248424940e-01
      52   2.182714650e-01   4.656412000e-03   2.261283610e-01
      53   2.163936990e-01   4.655863000e-03   2.245919690e-01
      54   2.168908690e-01   4.681461000e-03   2.252262980e-01
      55   2.180205850e-01   4.681311000e-03   2.262440870e-01
      56   2.203245960e-01   4.687422000e-03   2.284816230e-01
      57   2.165490420e-01   4.745209000e-03   2.244738450e-01
      58   2.192199580e-01   4.656097000e-03   2.272801910e-01
      59   2.161118240e-01   4.786555000e-03   2.240990800e-01
      60   2.191280240e-01   4.658399000e-03   2.271582150e-01
      61   2.183708340e-01   4.656489000e-03   2.263868850e-01
      62   2.190971580e-01   4.767811000e-03   2.272234430e-01
      63   2.186595960e-01   4.660331000e-03   2.266835080e-01
      64   2.195180010e-01   4.679121000e-03   2.275743200e-01
      65   2.222222060e-01   4.698772000e-03   2.301029290e-01
      66   2.177781070e-01   4.657989000e-03   2.258014180e-01
      67   2.196913520e-01   4.678849000e-03   2.277454270e-01
      68   2.153946000e-01   4.704016000e-03   2.232817420e-01
      69   2.168370330e-01   4.678665000e-03   2.247226900e-01
      70   2.223189650e-01   4.781439000e-03   2.304555030e-01
      71   2.191203290e-01   4.691659000e-03   2.271673270e-01
      72   2.182697600e-01   4.660359000e-03   2.263957340e-01
      73   2.173747090e-01   4.689982000e-03   2.252614290e-01
      74   2.187900860e-01   4.684425000e-03   2.270066260e-01
      75   2.175599000e-01   4.718213000e-03   2.256368400e-01
      76   2.161787580e-01   4.683198000e-03   2.240407400e-01
      77   2.177196610e-01   4.720480000e-03   2.257935150e-01
      78   2.156425250e-01   4.681790000e-03   2.235006620e-01
      79   2.189696840e-01   4.828337000e-03   2.271510650e-01
      80   2.168612330e-01   4.687957000e-03   2.247132640e-01
      81   2.165840740e-01   4.869719000e-03   2.246411520e-01
      82   2.203588710e-01   4.685580000e-03   2.284082250e-01
      83   2.157161190e-01   4.742167000e-03   2.237812300e-01
      84   2.151614450e-01   4.684711000e-03   2.230446820e-01
      85   2.162038750e-01   4.796237000e-03   2.241866660e-01
      86   2.159143080e-01   4.688126000e-03   2.237816890e-01
      87   2.182928120e-01   4.747183000e-03   2.264016770e-01
      88   2.188685870e-01   4.688218000e-03   2.268999020e-01
      89   2.157074380e-01   4.804511000e-03   2.237079670e-01
      90   2.163085200e-01   4.698966000e-03   2.241942000e-01
      91   2.191100580e-01   4.956702000e-03   2.272686160e-01
      92   2.192873710e-01   4.698060000e-03   2.272253820e-01
      93   2.167923000e-01   4.685994000e-03   2.247758630e-01
      94   2.178623750e-01   4.704138000e-03   2.257554640e-01
      95   2.200260670e-01   4.690950000e-03   2.279949730e-01
      96   2.174215600e-01   4.807603000e-03   2.254239920e-01
      97   2.204486580e-01   4.700815000e-03   2.285032870e-01
      98   2.169140310e-01   4.671579000e-03   2.249156490e-01
      99   2.192797670e-01   4.694933000e-03   2.273482240e-01
     100   2.198129910e-01   4.669476000e-03   2.278450100e-01
     101   2.189674230e-01   4.656131000e-03   2.270021610e-01
     102   2.156509530e-01   4.666113000e-03   2.235126900e-01
     103   2.169096130e-01   4.771629000e-03   2.248797200e-01
     104   2.163862580e-01   4.668597000e-03   2.242529350e-01
     105   2.163536900e-01   4.749741000e-03   2.243194410e-01
     106   2.169141040e-01   4.673519000e-03   2.247695880e-01
     107   2.165138390e-01   4.777480000e-03   2.244557340e-01
     108   2.192462720e-01   4.683117000e-03   2.273059610e-01
     109   2.199459550e-01   4.673215000e-03   2.281467030e-01
     110   2.188482970e-01   4.786750000e-03   2.270032190e-01
     111   2.162117240e-01   4.675937000e-03   2.240880150e-01
     112   2.166846950e-01   4.735336000e-03   2.249408090e-01
     113   2.157885490e-01   4.669591000e-03   2.239863780e-01
     114   2.166600610e-01   4.813749000e-03   2.250220350e-01
     115   2.169275470e-01   4.670329000e-03   2.251374700e-01
     116   2.164865230e-01   4.825001000e-03   2.245119210e-01
     117   2.170250770e-01   4.664007000e-03   2.248635260e-01
     118   2.170907930e-01   4.815630000e-03   2.251209090e-01
     119   2.168331170e-01   4.679221000e-03   2.247291260e-01
     120   2.184208790e-01   4.760039000e-03   2.263852640e-01
     121   2.173947020e-01   4.673007000e-03   2.256116820e-01
     122   2.170624420e-01   4.788832000e-03   2.253930050e-01
     123   2.162159720e-01   4.676003000e-03   2.244362880e-01
     124   2.174513720e-01   4.765438000e-03   2.257634590e-01
     125   2.169776620e-01   4.680726000e-03   2.252012050e-01
     126   2.169817090e-01   4.754078000e-03   2.254063060e-01
     127   2.170111290e-01   4.703158000e-03   2.252629270e-01
     128   2.164566400e-01   4.677887000e-03   2.247314410e-01
     129   2.171170570e-01   4.676483000e-03   2.253406690e-01
     130   2.176937060e-01   4.683864000e-03   2.260644910e-01
     131   2.169863280e-01   4.692185000e-03   2.252219640e-01
     132   2.186175730e-01   4.688099000e-03   2.268446640e-01
     133   2.162553290e-01   4.703108000e-03   2.244028680e-01
     134   2.178645650e-01   4.671407000e-03   2.259354250e-01
     135   2.170688980e-01   4.797328000e-03   2.250455750e-01
     136   2.202743230e-01   4.687252000e-03   2.283211280e-01
     137   2.166666620e-01   4.830604000e-03   2.246931890e-01
     138   2.176635960e-01   4.702880000e-03   2.255485540e-01
     139   2.204272360e-01   4.698429000e-03   2.286872050e-01
     140   2.192183360e-01   4.842447000e-03   2.274193060e-01
     141   2.203724150e-01   4.705441000e-03   2.284320270e-01
     142   2.197980390e-01   4.732363000e-03   2.280415060e-01
     143   2.164146660e-01   4.849729000e-03   2.245276760e-01
     144   2.171432370e-01   4.703772000e-03   2.250227390e-01
     145   2.182069210e-01   4.810546000e-03   2.262120100e-01
     146   2.171985750e-01   4.710122000e-03   2.250905130e-01
     147   2.194359550e-01   4.670609000e-03   2.274615590e-01
     148   2.168601700e-01   4.672080000e-03   2.247008690e-01
     149   2.168661950e-01   4.670758000e-03   2.470516790e-01
     150   2.183718860e-01   4.645459000e-03   2.264198870e-01
     151   2.209629200e-01   4.544843000e-03   2.289691160e-01
     152   2.166935030e-01   4.538530000e-03   2.247496530e-01
     153   2.172856580e-01   4.524003000e-03   2.252649160e-01
     154   2.164514670e-01   4.505848000e-03   2.245611250e-01
     155   2.154550180e-01   4.508998000e-03   2.234981480e-01
     156   2.181200560e-01   4.505765000e-03   2.260264460e-01
     157   2.158994830e-01   4.553752000e-03   2.236388540e-01
     158   2.198178720e-01   4.534270000e-03   2.275592510e-01
     159   2.158238770e-01   4.545189000e-03   2.235721630e-01
     160   2.190639530e-01   4.541033000e-03   2.271559600e-01
     161   2.161986890e-01   4.690072000e-03   2.240646940e-01
     162   2.195190110e-01   4.529504000e-03   2.274350060e-01
     163   2.195577440e-01   1.165432600e-02   2.345717710e-01
     164   2.301682000e-01   1.195923300e-02   2.454807530e-01
     165   2.317892730e-01   1.200976800e-02   2.473634050e-01
     166   2.332460170e-01   1.198585900e-02   2.487541950e-01
     167   2.327635100e-01   1.206896000e-02   2.483551840e-01
     168   2.302729120e-01   1.189807900e-02   2.455785560e-01
     169   2.323484540e-01   1.391095500e-02   2.499090970e-01
     170   2.549013380e-01   1.432486900e-02   2.726290140e-01
     171   2.549135440e-01   1.610922800e-02   2.742057530e-01
     172   2.803486130e-01   1.759598900e-02   3.011173210e-01
     173   2.952576770e-01   1.916898000e-02   3.176424600e-01
     174   3.129945960e-01   1.991240400e-02   3.363718410e-01
     175   3.222087900e-01   2.061623900e-02   3.461857710e-01
     176   3.348058860e-01   2.068515100e-02   3.587879300e-01
     177   3.339528210e-01   2.152415800e-02   3.586849670e-01
     178   3.441011550e-01   2.283320400e-02   3.704067070e-01
     179   3.619922250e-01   2.290206900e-02   3.883536820e-01
     180   3.593523740e-01   2.292339400e-02   3.858137650e-01
     181   3.604716890e-01   2.428948400e-02   3.883131620e-01
     182   3.767224950e-01   2.486975300e-02   4.049193020e-01
     183   3.894129580e-01   2.609511900e-02   4.186703700e-01
     184   4.069462600e-01   2.790206800e-02   4.380268180e-01
     185   4.220590970e-01   2.852565200e-02   4.537480010e-01
     186   4.386910230e-01   3.029329700e-02   4.726122000e-01
     187   4.575113660e-01   3.121515300e-02   4.922501540e-01
     188   4.700784190e-01   3.175850800e-02   5.053809370e-01
     189   4.751923640e-01   3.198535900e-02   5.118472470e-01
     190   4.829137260e-01   3.225804800e-02   5.466127090e-01
     191   4.917514430e-01   3.238591300e-02   5.277226670e-01
     192   4.868747810e-01   3.710493900e-02   5.274630430e-01
     193   5.605920080e-01   4.003215400e-02   6.039413280e-01
     194   5.926988600e-01   4.056222400e-02   6.364000470e-01
     195   6.026734650e-01   4.396645500e-02   6.497807820e-01
     196   6.379666940e-01   4.881012100e-02   6.899086480e-01
     197   6.967654190e-01   4.854896100e-02   7.486433720e-01
     198   7.029154350e-01   5.299911100e-02   7.592441330e-01
     199   7.481384400e-01   5.444138700e-02   8.057326750e-01
     200   8.014304960e-01   5.470641200e-02   8.592855170e-01
     201   8.218647470e-01   6.180879500e-02   8.868172770e-01
     202   9.231247230e-01   6.540058700e-02   9.918190510e-01
     203   8.993154420e-01   6.619451200e-02   1.159681789e+00
     204   9.819761920e-01   6.897271900e-02   1.054061842e+00
     205   1.017817073e+00   7.203549700e-02   1.093118526e+00
     206   1.087216026e+00   7.445259700e-02   1.165135708e+00
     207   1.125503660e+00   7.506794000e-02   1.203686635e+00
     208   1.146321184e+00   8.255150400e-02   1.231993017e+00
     209   1.333404040e+00   8.747191800e-02   1.424035807e+00
     210   1.560491632e+00   8.911163200e-02   1.652954191e+00
     211   1.802867447e+00   8.445522900e-02   1.890722983e+00
     212   1.628936756e+00   8.707050800e-02   1.719304914e+00
     213   1.627896608e+00   9.129551300e-02   1.722471302e+00
     214   1.821763102e+00   9.426484300e-02   1.919308163e+00
     215   2.921642686e+00   9.689655000e-02   3.021742714e+00
     216   3.033064757e+00   1.020499050e-01   3.139277566e+00
     217   3.260474166e+00   1.027893960e-01   3.366547074e+00
     218   3.333460086e+00   1.131987430e-01   3.449948440e+00
     219   1.454169169e+00   1.128747310e-01   1.620331041e+00
     220   3.832872650e+00   1.156970610e-01   3.951690025e+00
     221   4.005656945e+00   1.212951170e-01   4.130070990e+00
     222   4.527924598e+00   1.255260480e-01   4.656570086e+00
     223   4.701693417e+00   1.267866290e-01   4.831760007e+00
     224   4.882500266e+00   1.278083340e-01   5.013379017e+00
     225   4.880731479e+00   1.299193470e-01   5.013910503e+00
     226   5.239539585e+00   1.345246880e-01   5.377179023e+00
     227   5.752540167e+00   1.375664040e-01   5.893519586e+00
     228   5.717037050e+00   1.399698720e-01   5.860460991e+00
     229   5.594296681e+00   1.459373060e-01   5.743745840e+00
     230   6.207853252e+00   1.531329620e-01   6.364005549e+00
     231   6.056086009e+00   1.581472930e-01   6.217261722e+00
     232   6.414139049e+00   1.681490610e-01   6.585303371e+00
     233   6.978301707e+00   1.682728170e-01   7.149603101e+00
     234   8.124606077e+00   1.802798520e-01   8.307904117e+00
     235   7.645391958e+00   1.794472180e-01   7.827996676e+00
     236   7.259361502e+00   1.831827610e-01   7.445550074e+00
     237   7.646023570e+00   1.859753240e-01   7.834977036e+00
     238   8.548947702e+00   1.806875840e-01   8.732638171e+00
     239   3.920605897e+00   1.848102980e-01   4.172727134e+00
     240   8.333208558e+00   1.874626770e-01   8.523718670e+00
     241   8.664350439e+00   1.958180230e-01   8.863145728e+00
     242   8.952070288e+00   1.928218500e-01   9.147863238e+00
     243   8.296985989e+00   2.013946470e-01   8.501341989e+00
     244   8.956335337e+00   1.951317080e-01   9.154440946e+00
     245   8.703328596e+00   2.047359070e-01   8.911015356e+00
     246   9.790678973e+00   2.039361510e-01   9.997587568e+00
     247   8.426763168e+00   2.051724020e-01   8.634909740e+00
     248   8.754845862e+00   2.504568820e-01   9.008332024e+00
     249   8.745826360e+00   2.146194690e-01   8.964118356e+00
     250   8.782879197e+00   2.191032610e-01   9.005383520e+00
     251   8.784595356e+00   2.171786950e-01   9.005351070e+00
     252   9.039714902e+00   2.207980560e-01   9.263452287e+00
     253   2.852068772e+00   2.311063470e-01   3.161297599e+00
     254   9.061202724e+00   2.271177530e-01   9.291377991e+00
     255   9.091180312e+00   2.348842850e-01   9.329016090e+00
     256   9.731936424e+00   2.345818870e-01   9.969701299e+00
     257   9.390435442e+00   2.403297100e-01   9.633983541e+00
     258   9.517079073e+00   2.331240540e-01   9.753473733e+00
     259   9.411082370e+00   2.439276950e-01   9.659787016e+00
     260   1.126678937e+01   2.410596780e-01   1.151118043e+01
     261   1.155657295e+01   2.434240720e-01   1.180329195e+01
     262   1.074493509e+01   2.481587640e-01   1.099662240e+01
     263   1.060180329e+01   2.356259080e-01   1.084079845e+01
     264   1.010048022e+01   2.568656400e-01   1.036034863e+01
     265   1.030331109e+01   2.580639670e-01   1.056452533e+01
     266   1.035702450e+01   2.516116590e-01   1.061180535e+01
     267   1.022771659e+01   2.566986340e-01   1.048740449e+01
     268   1.050872761e+01   2.546684460e-01   1.076667161e+01
     269   1.070577551e+01   2.557711620e-01   1.096471378e+01
     270   1.065080544e+01   2.571211620e-01   1.091125937e+01
     271   1.036748346e+01   2.587080070e-01   1.062965398e+01
     272   1.041155111e+01   2.593829310e-01   1.067409519e+01
     273   1.079945964e+01   2.664286250e-01   1.106886921e+01
     274   1.151701712e+01   2.787428090e-01   1.195100099e+01
     275   1.228513665e+01   2.716989230e-01   1.255993716e+01
     276   1.143070206e+01   2.649681300e-01   1.169898399e+01
     277   1.089691798e+01   2.696007420e-01   1.116977755e+01
     278   1.104478425e+01   2.688299140e-01   1.131681057e+01
     279   1.132685836e+01   2.691846500e-01   1.159902176e+01
     280   1.146095163e+01   2.762647600e-01   1.174046248e+01
     281   1.199725038e+01   2.773535940e-01   1.227770856e+01
     282   1.258672737e+01   2.738658030e-01   1.286360906e+01
     283   1.248116242e+01   2.707876260e-01   1.275510543e+01
     284   1.185931449e+01   2.727830660e-01   1.213508354e+01
     285   1.197463320e+01   2.734437390e-01   1.225105945e+01
     286   1.217469737e+01   2.725065680e-01   1.245051072e+01
     287   1.183026451e+01   2.725973710e-01   1.210583306e+01
     288   1.316482432e+01   2.773608840e-01   1.344528880e+01
     289   1.026392996e+01   2.750726120e-01   1.062738260e+01
     290   1.375594836e+01   2.770879620e-01   1.403601263e+01
     291   1.247787475e+01   2.774192840e-01   1.275839808e+01
     292   1.450857007e+01   2.785035710e-01   1.479023461e+01
     293   1.430739491e+01   2.804233330e-01   1.459102265e+01
     294   1.439218026e+01   2.932422560e-01   1.468853650e+01
     295   1.509423162e+01   2.929230070e-01   1.539013222e+01
     296   1.504626204e+01   2.920731110e-01   1.534130925e+01
     297   1.620698397e+01   3.149774400e-01   1.652531558e+01
     298   1.635985116e+01   3.010099820e-01   1.666422975e+01
     299   1.253998909e+01   2.879013590e-01   1.283103043e+01
     300   1.222725424e+01   2.946987210e-01   1.252517838e+01
     301   1.182292176e+01   2.880472410e-01   1.211400334e+01
     302   1.179679055e+01   2.889366240e-01   1.208897408e+01
     303   1.186852888e+01   2.852737130e-01   1.215693113e+01
     304   9.998304460e+00   2.869604330e-01   1.028844779e+01
     305   1.018300433e+01   2.981359520e-01   1.048412178e+01
     306   1.228607668e+01   3.075837990e-01   1.259662658e+01
     307   1.326572657e+01   3.779554440e-01   1.364663914e+01
     308   8.684678084e+00   3.015815870e-01   9.081668934e+00
     309   1.365196962e+01   3.225269070e-01   1.397772619e+01
     310   1.340956258e+01   3.122593340e-01   1.372511365e+01
     311   1.325818769e+01   3.101897260e-01   1.357166589e+01
     312   1.298374247e+01   3.144711460e-01   1.330134287e+01
     313   1.398793905e+01   3.196938700e-01   1.431092830e+01
     314   1.358401802e+01   3.211389070e-01   1.390827532e+01
     315   1.342005494e+01   2.991727570e-01   1.372221767e+01
     316   1.383542811e+01   3.118102230e-01   1.415019157e+01
     317   1.341668568e+01   3.026640690e-01   1.372264073e+01
     318   1.335126119e+01   3.017723860e-01   1.365616906e+01
     319   1.316655897e+01   3.058815230e-01   1.347539316e+01
     320   1.351268011e+01   3.046168330e-01   1.382025801e+01
     321   1.373586010e+01   3.124058950e-01   1.405122760e+01
     322   1.395322852e+01   3.067300090e-01   1.426291866e+01
     323   1.402627990e+01   3.127664270e-01   1.434198521e+01
     324   1.338605209e+01   3.109468400e-01   1.370012130e+01
     325   1.279303967e+01   3.115937600e-01   1.310777385e+01
     326   1.301122872e+01   3.107709770e-01   1.332508614e+01
     327   1.303205552e+01   3.330857700e-01   1.336822845e+01
     328   1.336903963e+01   3.137414040e-01   1.368644187e+01
     329   1.332429430e+01   3.157597920e-01   1.364319357e+01
     330   1.447816040e+01   3.184156930e-01   1.479958218e+01
     331   1.398669208e+01   3.122901190e-01   1.430240760e+01
     332   1.101560517e+01   3.139045730e-01   1.142835839e+01
     333   1.388759850e+01   3.140018620e-01   1.420493642e+01
     334   1.393747686e+01   3.142461350e-01   1.425481981e+01
     335   1.398360185e+01   3.155397710e-01   1.430224924e+01
     336   1.420361603e+01   3.231670950e-01   1.452992927e+01
     337   1.452348207e+01   3.169492380e-01   1.484438295e+01
     338   1.488229663e+01   3.158131740e-01   1.520098301e+01
     339   1.542764884e+01   3.230852880e-01   1.575362435e+01
     340   1.552496219e+01   3.210224330e-01   1.584889706e+01
     341   1.594293785e+01   3.103064510e-01   1.625612046e+01
     342   1.439239207e+01   3.306458240e-01   1.472595354e+01
     343   1.485295815e+01   3.216720750e-01   1.517765014e+01
     344   1.504546313e+01   3.952687550e-01   1.544385609e+01
     345   1.556821570e+01   3.091412630e-01   1.588090042e+01
     346   1.407922449e+01   3.108363760e-01   1.439303295e+01
     347   1.362326282e+01   3.126643840e-01   1.393883281e+01
     348   1.384731831e+01   3.263347480e-01   1.417657577e+01
     349   1.400509823e+01   3.146495240e-01   1.432270881e+01
     350   1.322518667e+01   3.099506190e-01   1.353808090e+01
     351   1.342831571e+01   3.164358440e-01   1.374863735e+01
     352   1.345339064e+01   3.086063500e-01   1.376492333e+01
     353   1.299405138e+01   3.042613720e-01   1.330127003e+01
     354   1.287105776e+01   3.090772700e-01   1.318304036e+01
     355   1.294994440e+01   3.039405690e-01   1.325680637e+01
     356   1.097988620e+01   3.049450400e-01   1.128777373e+01
     357   1.173000909e+01   3.236013000e-01   1.205661320e+01
     358   1.252745571e+01   3.207617220e-01   1.285304587e+01
     359   1.372572886e+01   3.412100110e-01   1.407004131e+01
     360   1.247510178e+01   3.221566200e-01   1.280030231e+01
     361   1.201929697e+01   3.217425540e-01   1.234405833e+01
     362   1.184508167e+01   3.176733650e-01   1.216601313e+01
     363   1.206225865e+01   3.167452720e-01   1.238233943e+01
     364   1.281016955e+01   3.356475440e-01   1.314891939e+01
     365   1.342444609e+01   3.165880040e-01   1.385440446e+01
