       1   4.502365868e+00   9.417853600e-02   4.623294367e+00
       2   3.867272729e+00   8.247910400e-02   3.979137613e+00
       3   3.847055728e+00   8.402830600e-02   3.960675407e+00
       4   3.867333443e+00   8.398160400e-02   3.982290762e+00
       5   3.774448645e+00   8.469480100e-02   3.889040127e+00
       6   3.882316182e+00   8.898168800e-02   4.000776998e+00
       7   3.816058009e+00   8.651541700e-02   3.933536215e+00
       8   3.743199424e+00   8.755589000e-02   3.860379135e+00
       9   3.757664159e+00   8.754973500e-02   3.874708676e+00
      10   3.844535883e+00   1.034989130e-01   3.977892652e+00
      11   3.783932191e+00   8.727740500e-02   3.949509790e+00
      12   3.799220023e+00   8.937221100e-02   3.918018111e+00
      13   3.810405039e+00   8.844915700e-02   3.928826023e+00
      14   3.854017058e+00   8.799299100e-02   3.971787325e+00
      15   3.874510753e+00   8.768277600e-02   3.991796532e+00
      16   3.949012023e+00   8.805244800e-02   4.066813303e+00
      17   3.810380802e+00   8.782927300e-02   3.927680950e+00
      18   3.760709663e+00   8.737775600e-02   3.877724144e+00
      19   3.764091565e+00   8.750441100e-02   3.881219006e+00
      20   3.983833892e+00   8.804181500e-02   4.101577827e+00
      21   3.927176013e+00   9.300669400e-02   4.050213587e+00
      22   4.048992262e+00   8.831148700e-02   4.169616474e+00
      23   3.915428708e+00   8.748963400e-02   4.032479667e+00
      24   3.815672002e+00   8.767189000e-02   3.932811132e+00
      25   3.819858603e+00   8.791883900e-02   3.937233208e+00
      26   3.830871812e+00   8.847734100e-02   3.948831554e+00
      27   4.100114756e+00   9.048889000e-02   4.220779662e+00
      28   3.878569318e+00   8.770596400e-02   3.997410186e+00
      29   4.000592567e+00   8.773070100e-02   4.118276428e+00
      30   3.796518915e+00   8.758107700e-02   3.913609464e+00
      31   3.817226357e+00   8.763935500e-02   3.934445392e+00
      32   3.850543873e+00   8.986497900e-02   3.970078127e+00
      33   3.948176590e+00   8.767306900e-02   4.065508816e+00
      34   4.078367269e+00   8.863086300e-02   4.608960260e+00
      35   4.050912683e+00   1.159461760e-01   4.224493136e+00
      36   4.109325032e+00   8.677748300e-02   4.369660939e+00
      37   3.963001667e+00   8.827431500e-02   4.080748774e+00
      38   3.852610913e+00   8.994660800e-02   3.972414032e+00
      39   4.231260155e+00   8.758182100e-02   4.348777625e+00
      40   3.928113247e+00   8.772174900e-02   4.045427777e+00
      41   4.123712150e+00   1.068155520e-01   4.260269437e+00
      42   4.711970810e+00   9.549711700e-02   4.845249352e+00
      43   4.133672007e+00   8.858446200e-02   4.257377759e+00
      44   3.996762264e+00   8.896828800e-02   4.115364081e+00
      45   4.176129773e+00   8.889214000e-02   4.295166946e+00
      46   3.983788266e+00   8.771125500e-02   4.102942573e+00
      47   3.907909666e+00   8.791739100e-02   4.025312496e+00
      48   3.975915279e+00   8.779922700e-02   4.093314164e+00
      49   3.900830053e+00   8.776651300e-02   4.018698216e+00
      50   4.132974119e+00   9.987516600e-02   4.262953213e+00
      51   4.391253253e+00   8.817928700e-02   4.512516378e+00
      52   3.874251724e+00   8.825025300e-02   3.992240945e+00
      53   4.309524489e+00   1.113437270e-01   4.450708438e+00
      54   4.140812615e+00   8.823004200e-02   4.258811287e+00
      55   3.960255124e+00   8.756386100e-02   4.078040645e+00
      56   4.170609172e+00   1.027612030e-01   4.303238635e+00
      57   4.372861796e+00   8.801237100e-02   4.495145286e+00
      58   3.934356652e+00   8.783521400e-02   4.051997812e+00
      59   3.904768354e+00   8.738392400e-02   4.021850568e+00
      60   4.093340109e+00   1.026068060e-01   4.225492080e+00
      61   4.439670188e+00   8.851340000e-02   5.978883656e+00
      62   4.379021432e+00   8.984842300e-02   4.519944631e+00
      63   4.135674679e+00   8.762757600e-02   4.253238039e+00
      64   4.125467027e+00   1.051016860e-01   4.260241892e+00
      65   4.336365446e+00   8.822989000e-02   4.460618520e+00
      66   3.903136264e+00   8.807151200e-02   4.021138286e+00
      67   3.917501822e+00   1.011380750e-01   4.048379979e+00
      68   4.020962034e+00   9.994416200e-02   4.153719178e+00
      69   3.865879012e+00   8.786340800e-02   3.983749563e+00
      70   3.809613917e+00   8.815887800e-02   3.927679692e+00
      71   3.825067293e+00   8.780143400e-02   3.943025725e+00
      72   3.864257982e+00   8.849719000e-02   3.982486054e+00
      73   4.074804185e+00   8.807465000e-02   4.192817530e+00
      74   4.355564267e+00   1.058110730e-01   4.491289131e+00
      75   4.318133196e+00   9.306863400e-02   4.446470185e+00
      76   4.192649484e+00   9.975412700e-02   4.323781080e+00
      77   4.475266638e+00   9.402024700e-02   4.605485762e+00
      78   3.884280575e+00   8.985992700e-02   4.004343587e+00
      79   3.990399979e+00   9.330153300e-02   4.113925254e+00
      80   3.970852933e+00   9.016594200e-02   4.415951251e+00
      81   3.902812041e+00   9.379735500e-02   4.027260684e+00
      82   4.337975502e+00   1.001879910e-01   4.469161512e+00
      83   4.384681263e+00   9.085518200e-02   4.508892550e+00
      84   4.072486435e+00   9.781533000e-02   4.200741444e+00
      85   4.525013216e+00   9.399300800e-02   4.653163663e+00
      86   4.396914154e+00   8.843033100e-02   4.522009690e+00
      87   4.035722166e+00   1.005131540e-01   4.166299680e+00
      88   4.678237273e+00   1.308917850e-01   4.842760084e+00
      89   4.127201190e+00   8.832830000e-02   4.271891437e+00
      90   3.966734195e+00   1.040373340e-01   4.100815679e+00
      91   4.438132801e+00   9.119409200e-02   4.560829434e+00
      92   3.902279962e+00   8.903478600e-02   4.026264045e+00
      93   4.011256998e+00   8.818945800e-02   4.129328455e+00
      94   3.914476953e+00   8.845678300e-02   4.032617200e+00
      95   3.904007310e+00   8.828909600e-02   4.021813255e+00
      96   3.863216258e+00   8.892435600e-02   3.981679157e+00
      97   3.935661390e+00   8.787160100e-02   4.052832985e+00
      98   3.923577968e+00   8.800706800e-02   4.041025314e+00
      99   3.853361646e+00   8.842140000e-02   3.971181009e+00
     100   3.992355801e+00   8.904155800e-02   4.110817684e+00
     101   4.132674045e+00   1.016103590e-01   4.263736989e+00
     102   4.225092389e+00   8.819080000e-02   4.347744609e+00
     103   4.003358032e+00   9.381114200e-02   4.127023481e+00
     104   4.036423204e+00   8.802640400e-02   4.160815578e+00
     105   4.383629811e+00   1.007001410e-01   4.514093621e+00
     106   4.480222989e+00   8.879082500e-02   4.602014771e+00
     107   3.962024148e+00   9.081406000e-02   4.082841799e+00
     108   4.047755693e+00   8.878309900e-02   4.167224440e+00
     109   4.615981708e+00   1.039334880e-01   4.750019919e+00
     110   4.147247498e+00   8.818031100e-02   4.282977103e+00
     111   4.026931663e+00   9.999204000e-02   4.156656041e+00
     112   3.919432788e+00   8.812822000e-02   4.037101156e+00
     113   4.292873449e+00   1.012181860e-01   4.423518923e+00
     114   4.389355327e+00   8.982378900e-02   4.512710115e+00
     115   3.904827114e+00   8.828373100e-02   4.024164586e+00
     116   3.975705775e+00   8.824918900e-02   4.093893780e+00
     117   4.041931751e+00   9.826137900e-02   4.173211293e+00
     118   4.007036747e+00   8.920995500e-02   4.131304646e+00
     119   4.110928850e+00   8.986058800e-02   4.586739000e+00
     120   3.996233935e+00   9.103952600e-02   4.118501576e+00
     121   4.088373576e+00   8.883326200e-02   4.207098494e+00
     122   4.267381259e+00   8.896782900e-02   4.387435188e+00
     123   4.062949049e+00   9.456593000e-02   4.624200951e+00
     124   4.030163207e+00   9.814646800e-02   4.159077759e+00
     125   4.258741302e+00   8.862795900e-02   5.624818149e+00
     126   4.395159878e+00   9.662039200e-02   4.521933080e+00
     127   4.135754302e+00   8.819049000e-02   4.255669988e+00
     128   4.722611895e+00   8.840261300e-02   4.842708251e+00
     129   8.722757399e+00   8.983615600e-02   8.842330893e+00
     130   1.111052856e+01   8.925914200e-02   1.122969798e+01
     131   1.061099600e+01   8.865524800e-02   1.072920303e+01
     132   1.902454936e+01   8.987785900e-02   1.914410347e+01
     133   7.855710101e+00   8.922009700e-02   7.975896065e+00
     134   5.906080815e+00   8.890911800e-02   6.024960382e+00
     135   4.863186218e+00   8.917309700e-02   4.982316378e+00
     136   4.951599836e+00   8.950652700e-02   5.071228247e+00
     137   4.905810322e+00   9.339949300e-02   5.029282189e+00
     138   5.208229831e+00   1.026744050e-01   5.341338406e+00
     139   5.385430217e+00   9.114473300e-02   5.510884556e+00
     140   4.893275991e+00   9.751495600e-02   5.021412353e+00
     141   5.239257319e+00   8.870181500e-02   5.358968576e+00
     142   5.015067772e+00   8.999442400e-02   5.134866594e+00
     143   5.043467466e+00   1.038077320e-01   5.186519513e+00
     144   5.073689776e+00   9.082758600e-02   5.199618433e+00
     145   5.394823949e+00   8.834443300e-02   5.513565159e+00
     146   5.122543877e+00   1.121570130e-01   5.268928383e+00
     147   5.448893405e+00   9.289018900e-02   5.584135239e+00
     148   5.631811363e+00   8.856739400e-02   5.753831042e+00
     149   6.260470878e+00   8.832981100e-02   6.378628630e+00
     150   5.723447874e+00   8.933305200e-02   5.842328079e+00
     151   5.612466863e+00   9.025600100e-02   5.732223700e+00
     152   5.779155166e+00   8.831012400e-02   5.904446682e+00
     153   6.567910211e+00   8.877294500e-02   6.686489894e+00
     154   6.948406521e+00   1.026580980e-01   7.081813825e+00
     155   6.768177935e+00   8.859811100e-02   6.893699856e+00
     156   7.680876882e+00   9.150223600e-02   7.802242410e+00
     157   7.084659651e+00   8.878015300e-02   7.203584801e+00
     158   7.150612705e+00   8.925865300e-02   7.269732714e+00
     159   7.976810147e+00   8.829568000e-02   8.095959831e+00
     160   8.061173793e+00   8.857589400e-02   8.179795316e+00
     161   7.879077244e+00   8.959534100e-02   8.000596073e+00
     162   7.065011870e+00   8.886416900e-02   7.184990633e+00
     163   7.784535200e+00   8.927423500e-02   7.903918963e+00
     164   7.025371405e+00   1.011243150e-01   7.156488586e+00
     165   7.007364601e+00   1.036392590e-01   7.144489233e+00
     166   6.890066452e+00   9.364992300e-02   7.017197350e+00
     167   6.160073847e+00   9.285069700e-02   6.283197808e+00
     168   6.351134885e+00   1.021823180e-01   6.483767650e+00
     169   6.134750692e+00   9.037340000e-02   6.259890413e+00
     170   6.583442507e+00   8.844865700e-02   6.701607660e+00
     171   5.744679806e+00   9.049971700e-02   5.864708234e+00
     172   5.752993958e+00   8.836844400e-02   5.871426682e+00
     173   5.841703597e+00   8.984907600e-02   5.961216958e+00
     174   5.875358858e+00   8.859333000e-02   5.994282106e+00
     175   5.795348191e+00   8.887735700e-02   5.914166333e+00
     176   5.908848870e+00   8.873964400e-02   6.027577373e+00
     177   5.968473460e+00   8.839194300e-02   6.087782002e+00
     178   6.026695108e+00   8.935695000e-02   6.145862638e+00
     179   6.262626784e+00   8.910698300e-02   6.381831801e+00
     180   6.231293081e+00   9.478678700e-02   6.355952386e+00
     181   6.225832418e+00   1.102814550e-01   6.366670183e+00
     182   6.420757294e+00   8.985415800e-02   6.753237934e+00
     183   6.718244016e+00   9.023330500e-02   6.839605376e+00
     184   6.487728259e+00   8.973210100e-02   6.607242802e+00
     185   6.338594107e+00   8.879991700e-02   6.457076625e+00
     186   6.519952045e+00   8.983158700e-02   6.639567333e+00
     187   6.536719119e+00   9.095648600e-02   6.657636766e+00
     188   6.485321445e+00   8.868427000e-02   6.604423269e+00
     189   6.459089944e+00   8.864158000e-02   6.577645697e+00
     190   6.341112062e+00   8.930395200e-02   6.460207129e+00
     191   7.026615889e+00   1.267476710e-01   7.183276435e+00
     192   9.256987856e+00   1.049756330e-01   9.414050924e+00
     193   9.037234526e+00   8.887653800e-02   9.173288345e+00
     194   6.285306703e+00   1.034123670e-01   6.418751792e+00
     195   6.576346873e+00   8.957274300e-02   6.697333719e+00
     196   6.519595463e+00   8.946281800e-02   6.639960069e+00
     197   6.530551554e+00   9.078482500e-02   6.651232897e+00
     198   6.548628692e+00   8.923590400e-02   6.667706122e+00
     199   6.523676434e+00   9.364273800e-02   6.647563973e+00
     200   6.577701831e+00   8.922633300e-02   6.698392320e+00
     201   6.596399921e+00   8.910532200e-02   6.715503781e+00
     202   7.869628719e+00   1.243872870e-01   8.023854472e+00
     203   9.441050013e+00   1.088364350e-01   9.601254040e+00
     204   6.677290387e+00   9.891187800e-02   6.824341951e+00
     205   6.574869556e+00   9.266263600e-02   6.698324590e+00
     206   6.422731243e+00   8.928011600e-02   6.542460092e+00
     207   6.236982483e+00   8.975733500e-02   6.357117528e+00
     208   6.315789956e+00   9.511709900e-02   6.440928286e+00
     209   6.903975741e+00   1.093895400e-01   7.043721600e+00
     210   9.108820207e+00   1.089448310e-01   9.248075913e+00
     211   7.651944270e+00   8.904424800e-02   7.804111000e+00
     212   6.326545284e+00   8.888304900e-02   6.447290687e+00
     213   6.043175091e+00   8.873461200e-02   6.161830822e+00
     214   6.149569902e+00   8.887063900e-02   6.268428340e+00
     215   7.065904606e+00   9.217026500e-02   7.188130267e+00
     216   6.843272372e+00   9.703274300e-02   6.971498846e+00
     217   6.772623391e+00   8.990567000e-02   6.895489050e+00
     218   6.593936194e+00   8.952538300e-02   6.715251922e+00
     219   6.807912627e+00   9.318828600e-02   6.931114638e+00
     220   6.937831990e+00   9.985966100e-02   7.071600557e+00
     221   7.331200652e+00   9.226893700e-02   7.457472173e+00
     222   6.218186494e+00   8.971120300e-02   6.337910952e+00
     223   6.409950606e+00   1.063231580e-01   6.546699011e+00
     224   6.496107584e+00   1.019365370e-01   6.633676129e+00
     225   6.622755763e+00   9.025156100e-02   6.746997989e+00
     226   6.293393838e+00   1.035149620e-01   6.427539478e+00
     227   6.466950476e+00   9.183441200e-02   6.592782437e+00
     228   6.609579070e+00   8.960928300e-02   6.730147824e+00
     229   5.743750680e+00   9.357847800e-02   5.867512919e+00
     230   5.902037368e+00   9.673832500e-02   6.029249341e+00
     231   6.100255724e+00   9.188818400e-02   6.224076054e+00
     232   5.779006112e+00   9.188956200e-02   5.901360313e+00
     233   6.055630303e+00   8.976308200e-02   6.176219335e+00
     234   5.803202970e+00   9.203723800e-02   5.925399337e+00
     235   5.723007158e+00   8.897239800e-02   5.842601952e+00
     236   5.743165982e+00   8.926713000e-02   5.862277540e+00
     237   5.573230501e+00   8.951187800e-02   5.692617212e+00
     238   5.450831848e+00   8.985197900e-02   5.571535682e+00
     239   5.501598405e+00   9.016655700e-02   5.622335242e+00
     240   5.452040485e+00   8.996087500e-02   5.572072330e+00
     241   5.301172163e+00   8.987886400e-02   5.421031703e+00
     242   5.271019374e+00   9.207662500e-02   5.393258703e+00
     243   5.400323441e+00   9.257647400e-02   5.523215633e+00
     244   5.297957748e+00   8.966777700e-02   5.418656374e+00
     245   5.171067700e+00   8.968434000e-02   5.291156744e+00
     246   5.269231318e+00   1.169112020e-01   5.416374853e+00
     247   5.570182528e+00   1.013006090e-01   5.705396026e+00
     248   5.662932723e+00   9.085931000e-02   5.785069800e+00
     249   5.453336906e+00   1.042375280e-01   5.587627592e+00
     250   5.392358992e+00   9.132235800e-02   5.513847272e+00
     251   5.520025623e+00   9.110309800e-02   5.641665514e+00
     252   5.467832310e+00   9.006422100e-02   5.588570586e+00
     253   5.442562419e+00   1.036583420e-01   5.576159755e+00
     254   5.524691684e+00   9.141212100e-02   5.651499539e+00
     255   5.252851631e+00   9.747500200e-02   5.380274325e+00
     256   5.305545387e+00   9.070801500e-02   5.426751090e+00
     257   5.647774846e+00   9.041881400e-02   5.768876223e+00
     258   5.240925995e+00   9.120465600e-02   5.367481817e+00
     259   5.279635950e+00   9.637687000e-02   5.406642873e+00
     260   5.540370160e+00   1.034897960e-01   5.674441630e+00
     261   5.625205999e+00   9.051270700e-02   5.748616572e+00
     262   5.194808566e+00   9.024789900e-02   5.316486001e+00
     263   5.137272347e+00   8.979317700e-02   5.259235663e+00
     264   5.071152676e+00   8.946715300e-02   5.191603208e+00
     265   5.188136146e+00   1.021443140e-01   5.320533343e+00
     266   5.910715601e+00   9.964057800e-02   6.043988432e+00
     267   5.194804378e+00   1.016499440e-01   5.326464484e+00
     268   5.220780409e+00   9.081866200e-02   5.349553450e+00
     269   5.202915617e+00   9.588389700e-02   5.329269851e+00
     270   5.026093300e+00   9.012011500e-02   5.147602260e+00
     271   4.725925991e+00   8.966826000e-02   4.846069059e+00
     272   4.551769927e+00   1.035205210e-01   4.685264088e+00
     273   5.227448367e+00   8.983624600e-02   5.350653469e+00
     274   4.411349624e+00   9.451822500e-02   4.536120977e+00
     275   4.608835769e+00   9.070004500e-02   4.734916894e+00
     276   4.683386653e+00   9.043891300e-02   4.805858075e+00
     277   4.701956251e+00   9.056060100e-02   4.822924028e+00
     278   4.772554052e+00   9.691208200e-02   4.899884364e+00
     279   4.584494494e+00   9.130071900e-02   4.706670965e+00
     280   4.627264573e+00   9.198391500e-02   4.749487300e+00
     281   4.892300008e+00   1.000780940e-01   5.022479243e+00
     282   4.677040601e+00   9.391231000e-02   4.801330265e+00
     283   4.590292683e+00   9.204657900e-02   4.712386924e+00
     284   4.632430938e+00   8.951709000e-02   4.753105914e+00
     285   4.623814661e+00   1.020358410e-01   4.755624777e+00
     286   4.443263835e+00   9.296889000e-02   4.568204872e+00
     287   4.503080031e+00   9.079478500e-02   4.625208440e+00
     288   4.441152523e+00   9.203183600e-02   4.564006274e+00
